Id,Bills & Fees,Data & WiFi,Education,Emergency fund,Family & Friends,Going out,Groceries,Health,Loan Repayment,Miscellaneous,Rent / Mortgage,Shopping,Transport & Fuel
ID_gqase66n,0.02855484594542694,0.012283937901083272,0.002546533877116023,0.005471823463378028,0.008929730240099834,0.7316063526144999,0.10534975120165682,0.004025404950020652,0.006807885838673917,0.01729697786943077,0.005569552713355049,0.02900492290726991,0.042552280477988785
ID_81rystyl,0.048795372877292825,0.6953827652636473,0.0009215073895917359,0.010256577107709712,0.02998356278817773,0.022373621531961756,0.06233341185111138,0.002814048878799828,0.001934074907704869,0.09625352023346331,0.0017886168375840718,0.009557244885013656,0.017605675447941865
ID_xmtv3qil,0.016101452968297042,0.8727958019532784,0.0003430689371106564,0.0024619445737203453,0.006194609940527492,0.01122474210759973,0.029370584360027138,0.0008418270871986917,0.0006502334501835193,0.044315340156482086,0.00047976811148122957,0.0037269603929083526,0.011493665961185397
ID_wz92zfhd,0.007888319370094876,0.00728443324209802,0.00015655963806969573,0.0010170904933135656,0.0018411802286517763,0.007303295556657532,0.022687509628759366,0.0005745202284941179,0.00037457276719021526,0.9412513184288865,0.00020885688996877597,0.0013102604389103915,0.008102083088905265
ID_ogyrecgz,0.007393069170490813,0.007405811632362452,0.0001571191549832816,0.0009837381604670807,0.0017528260096696829,0.00736269420261728,0.02442156725072958,0.0005816093042887157,0.0003335843190893871,0.939876303283642,0.00020848208945951197,0.0014643671106757948,0.008058828311524595
ID_2h89w814,0.006386898117745229,0.9183254337095158,0.00032239941980588674,0.00140391564739843,0.002999203855839079,0.006784586195561134,0.020098852337050173,0.0008425839159175168,0.0005102297819181649,0.0288067292337812,0.00042267590930550124,0.0031140018171588015,0.009982490059003046
ID_ofympoh2,0.006524044246348503,0.9208197182535108,0.0003160280346454199,0.0013947493325812172,0.003094399942713473,0.006667150877820985,0.018552549763004474,0.0008282735552318772,0.000547365799565743,0.028629540157821962,0.00041856501509623966,0.002929751212209925,0.009277863809449418
ID_0nd2x27b,0.007888319370094876,0.00728443324209802,0.00015655963806969573,0.0010170904933135656,0.0018411802286517763,0.007303295556657532,0.022687509628759366,0.0005745202284941179,0.00037457276719021526,0.9412513184288865,0.00020885688996877597,0.0013102604389103915,0.008102083088905265
ID_ndje6wd4,0.006524044246348503,0.9208197182535108,0.0003160280346454199,0.0013947493325812172,0.003094399942713473,0.006667150877820985,0.018552549763004474,0.0008282735552318772,0.000547365799565743,0.028629540157821962,0.00041856501509623966,0.002929751212209925,0.009277863809449418
ID_t1b2rj8j,0.005139907305626139,0.9734202927608082,0.00015501980513171282,0.0011175579208295254,0.0024490816928539614,0.0023295663356081276,0.003525299238986578,0.0030794110844577995,0.00042925666689714746,0.004304677426475357,0.00017546387428347816,0.002120550834302605,0.0017539150537392812
ID_416hrvpe,0.01782152868046162,0.011102175476720731,0.0001783333372095558,0.0018162896807442175,0.005038408154746344,0.01342834844159001,0.03633684844196991,0.0007950604252628782,0.0004932412098853209,0.8982014414672003,0.0002495464359964041,0.002079292864823975,0.012459485383389066
ID_j34f0v39,0.012042800159759438,0.9483310200843174,0.00014992682062171719,0.0027511052261775136,0.0031815083861545792,0.005805568738999734,0.00917525456101164,0.00405791276051481,0.0009006391794853972,0.006191424219299279,0.00017666020064827375,0.003400932668807529,0.0038352469942025996
ID_kt3hch74,0.02034739417651439,0.006560017982196043,0.00038242667278357885,0.0025661188400787206,0.00774320530352925,0.039134978203983636,0.858407788318961,0.004353070899428515,0.003939999869457344,0.014916378529094613,0.0012615700691616443,0.014737401166884642,0.02564964996792668
ID_3jnvetig,0.12317362799734441,0.02492653991972187,0.004256366706691564,0.32012354509397756,0.03491352733984463,0.07312303436633019,0.21001922882315138,0.019199788720007993,0.011300080577713669,0.02053792867814764,0.006935616348407666,0.1273365496361169,0.02415416579254464
ID_zym0pkxl,0.0622541269632385,0.015821902031953432,0.002146908434550105,0.023771220512506994,0.7434944371673441,0.009407031673255076,0.05155791305527739,0.019391205666063647,0.013336551068715362,0.014380197287192979,0.009134730635770742,0.025922942728014636,0.009380832776117213
ID_aoyfx4p3,0.137258513596481,0.036706498529766055,0.007388947390349259,0.01831020673709071,0.06100778264425458,0.14298722617196855,0.15939749209569704,0.038131176865052664,0.06449651446540507,0.10031001346020692,0.006029046060550084,0.07732370955200911,0.15065287243116912
ID_gtj1tfjf,0.1336294366411734,0.036191112831150486,0.007292256639328065,0.017643043244626705,0.05970006510962695,0.14304073915777113,0.1618385628763651,0.038223062564387636,0.059152062140706035,0.0988855630821606,0.005961714982991595,0.08558266597160769,0.15285971475810473
ID_hikt0irm,0.12623320290195425,0.02793638283018724,0.0009937507563658819,0.6737776283610091,0.013146517017143736,0.018582641275194895,0.06245567908219082,0.007124453649593133,0.001954889011273399,0.01208228523261686,0.0013527198201879987,0.04578556106995636,0.008574288992326358
ID_cl65jmri,0.19506950287385827,0.7343916973488237,0.0005264764357841459,0.0029434604767969094,0.00627244314795545,0.007801335015321676,0.008291387275481212,0.022134131885852105,0.001187089516047728,0.00790270061405635,0.0006145132546578018,0.007213833009607889,0.005651429145756956
ID_f1mv2nua,0.02031467281849452,0.006555679221293795,0.00038242667278357885,0.0025650023762083737,0.00742029262133653,0.0393929370538304,0.8586026607302728,0.004349229049476823,0.003934302034563122,0.01489663474254866,0.001258106606194035,0.014721616445119799,0.02560643962787768
ID_rgnrrv5b,0.01995007739614227,0.006480488982730927,0.00035577802248576456,0.002403302558807344,0.007301182331439767,0.0400142892171452,0.8600182654378444,0.004253868889379971,0.003703865702330188,0.014508979704031219,0.0012137772045530473,0.015213013942107634,0.02458311061100215
ID_01db594f,0.07013682118918085,0.006587075058972327,0.003124009814744715,0.01076640752490793,0.02176000933656591,0.7639244038010291,0.045699797699583336,0.01518293890389969,0.004506445909537039,0.006356671150927718,0.0028643109847200253,0.03781216073509779,0.011278947890833797
ID_v83kpk5f,0.015151845795479275,0.006478029130846495,0.0004076606515852425,0.002329623032628241,0.004740440704846889,0.031044845913054956,0.8886225508554191,0.0031538538645105286,0.0035249010697911178,0.01142217370824966,0.0009755180494297872,0.014648209885762348,0.01750034733839643
ID_4lxfuit2,0.007393069170490813,0.007405811632362452,0.0001571191549832816,0.0009837381604670807,0.0017528260096696829,0.00736269420261728,0.02442156725072958,0.0005816093042887157,0.0003335843190893871,0.939876303283642,0.00020848208945951197,0.0014643671106757948,0.008058828311524595
ID_au4a2nwi,0.008547789904736673,0.002400937846609673,0.0008911569814793168,0.0023272033296534646,0.9659022396388319,0.002108585866277142,0.0058172407208296716,0.0032056431405379305,0.0014669451726007324,0.0018756035600563277,0.0008852612954032154,0.002787473547815297,0.001783918995168605
ID_4p8l0pmb,0.010749895323405888,0.002846778015035805,0.0006169316551466347,0.0027256038138008614,0.9582446262727844,0.002497663525469821,0.007722317692176442,0.0034700291216807617,0.0018385033574348617,0.002357770484716812,0.0010284961112746634,0.0034478961476009117,0.002453488479472081
ID_lbir9862,0.2578906868299684,0.02365940365368857,0.014913744193626021,0.10285410625759318,0.17873201741786374,0.01981967445292105,0.08170593057287215,0.015075339129314195,0.05200466589379483,0.1995430089571997,0.009558957269320007,0.027270838683558955,0.016971626688279264
ID_uedd9bug,0.2588448361338941,0.023086845975903852,0.014240939646066392,0.10659768806885705,0.17830963025814972,0.019832198153304618,0.08095645277946514,0.015233588305489973,0.04857986356373142,0.1999121906887743,0.00966070516593534,0.028103498135491102,0.01664156312493706
ID_h76zkmwk,0.24350422058794294,0.14988538714949823,0.006196229925560151,0.018246090362207174,0.046232365547843254,0.1479941719500058,0.1501717627551315,0.03668977732980745,0.030557974254554917,0.02203158663915983,0.009462753351653986,0.07248638290865445,0.06654129723798032
ID_k9zwhybq,0.24090550772272912,0.14960747404235147,0.006124704026327497,0.017982707159231344,0.04630517137125534,0.15034040292026246,0.15153854977816683,0.03610840692808399,0.02795926607763377,0.021527088803365405,0.009397750904748762,0.07458389009419557,0.06761908017164849
ID_oi5ns3ho,0.008501396110316145,0.002471956989093132,0.0005219101117771447,0.0022714853695077644,0.9663553145323519,0.0022102559717603583,0.005434465651921235,0.0033097561678174,0.0014261685510379067,0.0019391598518425312,0.0008928678237203001,0.002858747421591866,0.00180651544726226
ID_zc9wpyzd,0.04611111469347061,0.013062422310672292,0.0002346074221886456,0.005559960307785324,0.030311940822254878,0.016399091921155837,0.8130244327917673,0.002157933692020492,0.004113930538790846,0.04125069043152317,0.0008834692414657483,0.012433926300939762,0.014456479525965116
ID_6jitepjj,0.048865924414558407,0.014812549648869324,0.00026484241284614035,0.005918357434893889,0.03158693373711143,0.01683727473384299,0.8021037601947363,0.0022903358816813613,0.004328316735431859,0.04492910358862751,0.0009422335039600792,0.011940780545060627,0.01517958716838012
ID_q3ycltab,0.015374387349724825,0.007890801911609175,0.0001444158462975744,0.0011931042933443605,0.009918660186433326,0.007464098046271439,0.9117115674873643,0.0010013789106370213,0.0012559831132774428,0.031096256449463396,0.0003167622860124631,0.00312795725947382,0.009504626860091106
ID_vfcxyhf6,0.011089267984806566,0.005788945845243021,0.00012673573259810357,0.0009247902643498966,0.007126466030776491,0.005178758086672044,0.9344261700421715,0.000701314800029216,0.0010699856209211807,0.023649171871275316,0.00019578136675510511,0.0027688785629831907,0.006953733791418311
ID_d3pmn6pg,0.015374387349724825,0.007890801911609175,0.0001444158462975744,0.0011931042933443605,0.009918660186433326,0.007464098046271439,0.9117115674873643,0.0010013789106370213,0.0012559831132774428,0.031096256449463396,0.0003167622860124631,0.00312795725947382,0.009504626860091106
ID_vi98x9it,0.04592175708417135,0.04685272575656925,0.002931282347586266,0.010761899119030164,0.029965293095917354,0.5261049715168442,0.07068728626128734,0.02917531257611837,0.011047665471026953,0.01967562967791365,0.00584119702753581,0.07240936101730878,0.12862561904869052
ID_o3lhlnvv,0.04585341719262391,0.0471730205568108,0.002924118971935008,0.010903959030124309,0.029879386072928414,0.5268130267440327,0.07029132341796299,0.02919214023559943,0.01100969793667457,0.01962352086654943,0.005854253583633052,0.0720748794645077,0.12840725592661764
ID_h55amsi5,0.137258513596481,0.036706498529766055,0.007388947390349259,0.01831020673709071,0.06100778264425458,0.14298722617196855,0.15939749209569704,0.038131176865052664,0.06449651446540507,0.10031001346020692,0.006029046060550084,0.07732370955200911,0.15065287243116912
ID_pky6pa0b,0.1336294366411734,0.036191112831150486,0.007292256639328065,0.017643043244626705,0.05970006510962695,0.14304073915777113,0.1618385628763651,0.038223062564387636,0.059152062140706035,0.0988855630821606,0.005961714982991595,0.08558266597160769,0.15285971475810473
ID_c4bk4m94,0.0930078077752276,0.006237836907155313,0.003595553278430545,0.009159255328204819,0.02882261333689608,0.727633564262533,0.022098061299268376,0.01980897217927888,0.006633024066825043,0.013350633188559951,0.0018398100010877287,0.030558378275413925,0.03725449010111896
ID_spqicunw,0.1276975102046648,0.029742731847325052,0.008651837165242484,0.09881324498253764,0.5794760182212081,0.01145090866777208,0.019807905690116943,0.015506214164694125,0.009070540733320642,0.017710883614917874,0.011458277261474515,0.06289052039221338,0.007723407054512421
ID_f7l96chn,0.07394217693931888,0.029323784230996193,0.0008090179610188101,0.012710173314071161,0.0074693349351852775,0.5566760659142346,0.05590356148115444,0.005309617546723278,0.0010236619474176564,0.05944923816521888,0.0011714507746091805,0.023131963668268637,0.17307995312178293
ID_k1uaj1ym,0.07413549264228642,0.029356565085862315,0.0008061894206754705,0.012698799801911846,0.0074504140334599005,0.5561321235092523,0.05610109009059738,0.00531712444235163,0.001018558449525352,0.05944192197604706,0.0011756971643602971,0.023131248753769214,0.1732347746299008
ID_iljmewrz,0.08142638866418182,0.023879128988407536,0.0016320721848993738,0.01725428102361064,0.1350033645414225,0.02807292193033199,0.014109877410217402,0.026026425544463112,0.009919571521137,0.062256670645285485,0.006190437282100161,0.5563746615860213,0.03785419867792182
ID_pm36remu,0.00759621638632709,0.00718547264151957,0.00046073803106939134,0.0030876944470619935,0.007353095138910617,0.010806926294217915,0.9302190115442869,0.004379059983889264,0.0012051684100708733,0.0022205951812482726,0.0009369768297750616,0.02018916176736184,0.00435988334426122
ID_fy3iiiwl,0.00784789719150047,0.0023394562757408427,0.0004912494586115334,0.0018185367465682603,0.9693305198276162,0.002105506244128689,0.004689017634880037,0.003237382860923815,0.001274162483164776,0.0017866527533392318,0.0008362792267642517,0.002697256960500461,0.0015460823362614842
ID_vu5ya5sr,0.2380896500043334,0.025579494304872302,0.0009378324345647922,0.016792423458976104,0.02118721937064194,0.13953821470260097,0.29910597795572197,0.008088887024182832,0.0021409816160834084,0.1026625855649199,0.0021854942019706412,0.0923029361503427,0.05138830321078902
ID_9au0g3qv,0.08098372522929834,0.021885432050700156,0.002329314046530755,0.015182659772002623,0.6395921787204359,0.02905360682946531,0.02975266664162082,0.005624934253734603,0.005441246521499916,0.05875128068314424,0.002488994403995995,0.07390594611056236,0.03500801473700894
ID_p01qunsl,0.038553410386775434,0.010189828786464534,0.006602463702001524,0.007078157018468988,0.012508989172482807,0.3399981732649408,0.08714858076558267,0.00570320256456394,0.010487043898411437,0.035355637486972305,0.005782734800651296,0.03645593438210704,0.40413584377057743
ID_zqi8lti6,0.05187049019663984,0.6369231024921089,0.0034954283884089674,0.011685452658653943,0.04002521782257352,0.0321655511070489,0.032055705670373566,0.027418641161500553,0.009029830655157316,0.057153294768642365,0.014661654889223092,0.05149764053660392,0.03201798965306511
ID_vtdycfd1,0.06970826769158361,0.05030152594940498,0.005382717074299215,0.021994591997316803,0.04631452531579895,0.16715907923198878,0.35967923021712006,0.014068361419345941,0.021809435684190016,0.03829461706270698,0.00410594422106865,0.091267030918237,0.10991467321693912
ID_qd7dgqor,0.20406190139440336,0.018400444882977148,0.003365300423484387,0.0351524518311704,0.42089920617703735,0.023727933957815174,0.045973374132486006,0.030201625426379112,0.014061398965268472,0.033228328841992213,0.0051708587030250604,0.14980608477884058,0.015951090485120868
ID_o270qwh1,0.11903395979000794,0.021478319210757466,0.001675237517097603,0.03796491904356254,0.6197064922227045,0.01632660132059465,0.035558537057942215,0.021940332255717922,0.017247914441043462,0.015080158450580234,0.009967689505192896,0.0731028554787868,0.010916983706012198
ID_dyonsmqh,0.008305321463880664,0.0030486239279724366,0.00013846067126865904,0.0016515315099136796,0.0029774786577353883,0.010536789995383409,0.9408451195977401,0.0005688103088207151,0.0003122649458272487,0.02445551745760393,0.00019132506050108838,0.002454988128954003,0.004513768274399034
ID_ugq7up8w,0.14752898448601287,0.01396916550255887,0.0023659857748271357,0.006862311075547559,0.14603858340424386,0.11420978739509365,0.029721185767288903,0.004722831903585731,0.0039757286086385115,0.2170881705039449,0.0011489919764383792,0.02289045530890847,0.2894778182929112
ID_t8cib46m,0.08063463261729484,0.023803877235319255,0.001611634553812213,0.01682863240795025,0.13220309864586113,0.02773727329317683,0.01386241337867801,0.025887707108582576,0.009642284235157745,0.06221005330361162,0.006166265920711436,0.561933230246111,0.03747889705373335
ID_6ldaoy9h,0.02798696348670031,0.49623578601913476,0.006307147479668114,0.020924923280749796,0.0376604497832969,0.10008232185380408,0.08834856873260437,0.03137065444237735,0.03046103173846068,0.0208689041819429,0.008624395303725213,0.043130948928641485,0.08799790476889388
ID_0ivttwce,0.027910093968081886,0.49720324196129956,0.006302281090697578,0.020905683611522518,0.03747702389273553,0.09989789877478239,0.08822539427946713,0.03132872355862839,0.03029838702823385,0.02083671884369677,0.008610401448940186,0.04309503768256853,0.08790911385934559
ID_rsi7aqtq,0.21400294403697293,0.04925272266226982,0.0014055327683755933,0.012037205025827516,0.012017372516042818,0.11772401149030705,0.29272656792243973,0.005546294062932279,0.007456160098367394,0.07962348201459754,0.003845996333929075,0.04247206409184187,0.16188964697609654
ID_0s0y8i8f,0.008908578189504503,0.005250379894429028,6.191358611532416e-05,0.00063714091062223,0.0015618863474616928,0.00537625805826167,0.023135874298531447,0.00026933032316177834,0.00011926367732671975,0.9472415775744536,8.253681943460418e-05,0.0011733136699631956,0.006181946650734216
ID_zodyw6bs,0.00911745207219905,0.005308415382471367,5.986805131882853e-05,0.0006523939974575385,0.0016067556557314727,0.005278601672918456,0.021662562173626436,0.00026277763588018115,0.000128485526308436,0.9485917100450686,8.057288860679257e-05,0.0010768632741233793,0.0061735416242895
ID_yiuf4ciq,0.04748022206208505,0.00982126141939349,0.012801012877688464,0.016998982179610878,0.02021176414677018,0.19264254042539203,0.4442953881887083,0.04215787646794694,0.005540767314654813,0.08905907221662479,0.010535647044343092,0.04558980006319935,0.06286566559358264
ID_jdg15uvg,0.17581352114433463,0.04936798600865361,0.011845130231453808,0.022338474834426046,0.10119457406387032,0.200660351903759,0.07506538446957149,0.05954776154254976,0.01863014683207967,0.058108401940042076,0.010484999095107129,0.09590663941526886,0.12103662851888371
ID_e5qi9pl3,0.01563163280515861,0.9417803844442673,0.00014026258132410102,0.0016736124135238496,0.0021189398047886136,0.008019237171870308,0.007785581619154786,0.008408150924509243,0.0006857276831986807,0.005198372322766098,0.00018845208213605718,0.003322637908078499,0.005047008239223884
ID_h3awypor,0.02219351786844782,0.003845816677489745,0.0001801356358115421,0.005578443568338513,0.01713101229892601,0.010873914155444444,0.04913894574802559,0.0011690506416093917,0.000711583833669371,0.8594781988705334,0.000411316807817217,0.015652981726113395,0.013635082167773531
ID_1bx9fazh,0.7340664557684682,0.015742636911853007,0.0008697972472846567,0.015602666893142308,0.0878778222860717,0.019496772523698712,0.06336407353927363,0.006622004829080045,0.0031125507872568573,0.0164449943640293,0.0024295909746051914,0.019139397669696787,0.015231236205539678
ID_nvnnpego,0.724169502718962,0.01589690824144331,0.0009267744608338507,0.015345786433270689,0.08750373872757897,0.02064858128905637,0.06843580073463842,0.006891785401163106,0.003042008125828964,0.016567193685928086,0.0025153603204100036,0.02159178150847893,0.016464778352407578
ID_p5ajidvp,0.14831510316517754,0.0079012777076989,0.001607723331394218,0.017715559685356094,0.5274414607156653,0.04507960208269983,0.03182132984516033,0.004278339242024953,0.0054754106614176784,0.08723560664644697,0.0014610509847690042,0.06737415144565936,0.054293384486529914
ID_wpkpanfd,0.0022691291548774186,0.0020257980049796656,6.08765187177642e-05,0.0002513185453551906,0.0005695580315412982,0.002007076390717898,0.01205136414884299,0.00027615751325020375,0.00011704440250025871,0.9768558576599616,8.160072207126898e-05,0.0006383988006350315,0.0027958201065492964
ID_qfolkekt,0.28498093413690434,0.01989623945574497,0.0052124572025520465,0.034204499609032706,0.04351349335646136,0.10694279166970257,0.24929952798561583,0.017537646087729158,0.004032581291589351,0.035677528351951926,0.00536249685261067,0.1479486970111989,0.045391106988906145
ID_xee1a5f3,0.07542217109163521,0.027721308407162908,0.038663036751356836,0.4897829722875938,0.04829998976424922,0.086938068504012,0.031142155110569555,0.04846510007635154,0.03768479994244314,0.03133296331932758,0.008206696755718855,0.03439354743405805,0.0419471905555215
ID_viowd5w9,0.011699462470306047,0.014756773508575478,0.0015441761937203138,0.00729770188351763,0.011988089648885826,0.029684643256979427,0.01147618498061464,0.011748470381503963,0.009814379995098831,0.008406020146289696,0.0021472197508613953,0.021058366966599736,0.858378510817047
ID_s6cndib3,0.06320445940575989,0.02077823476948675,0.0035443555994764515,0.025385819906753593,0.04027869004529533,0.22546867410283625,0.2806875718467367,0.014986181494068204,0.008298003804983146,0.04502661318122061,0.005134568312010736,0.19181473177023806,0.07539209576113423
ID_6ggrcqnv,0.012536658217265214,0.936872753702316,0.0001321288950923044,0.0025744962684034656,0.005074226511866657,0.011277654559149183,0.008790779791563903,0.0028951488634287644,0.0010907593484311404,0.007106971624766148,0.0001442833525571938,0.0038215315989785633,0.007682607266181468
ID_wbdsgip0,0.6005660329845197,0.030724502679840525,0.001248373712330697,0.01835862757530325,0.012265558269199872,0.06912131753619494,0.10215864094651615,0.007018830017935107,0.0017334407602954153,0.06265830105765638,0.003269615987694978,0.03718928395369943,0.05368747451881349
ID_ytxvglcg,0.016662293952446935,0.9371594004698588,0.00013569146176130325,0.0018380136297346218,0.0022809185608762142,0.009116066079972006,0.008720570304373591,0.008611562389065408,0.000766805739841422,0.005299404978485207,0.00018385542054505326,0.003625275754143605,0.005600141258895796
ID_8oyhw5j0,0.3627913284875337,0.10667719559578948,0.004509219686837128,0.045651523473642625,0.03721257941829571,0.08063507236066125,0.10463154014111298,0.055446995938062175,0.0044734275002877395,0.08680687836208513,0.005502368641774014,0.05375885456477391,0.05190301582914411
ID_46m7z544,0.09109230825055736,0.028261661799187734,0.007667706599793658,0.01872298756336998,0.032569100272421596,0.4023529617677015,0.043630862769235876,0.20696860275498646,0.01094921935586919,0.020031205661097697,0.0071951565263061665,0.05581584917042271,0.07474237750905013
ID_1idktyre,0.35208689683040745,0.008246588875666053,0.0025727742468564943,0.014420080198940831,0.11269218439166954,0.080981339723863,0.03165406310536039,0.0038254225291537696,0.00571331593419731,0.21169835308479998,0.0010721344848696275,0.03659883031144206,0.13843801628277352
ID_qmxqh91v,0.2444164302945987,0.02541638661911418,0.004265433996515115,0.013251857392644326,0.15013235497514577,0.1679233319552963,0.09034802148677051,0.006933643073797012,0.006324196000816838,0.08444440991803094,0.0036696162083192357,0.055897421391712714,0.14697689668723835
ID_24tnwq38,0.40395627656961347,0.010516318474886734,0.005402747503104323,0.12358963068947931,0.20380089285201858,0.019522114103524724,0.02673632781882246,0.02700796808517212,0.0098575941216883,0.013221372326515577,0.013020218807333825,0.1321071595752693,0.011261379072571309
ID_b04ujx2a,0.7493399507087952,0.015989215646419405,0.000573221714610552,0.011014481439996126,0.07764004589033299,0.017943998743425275,0.0715153776134884,0.006050011371716665,0.0023703452435466727,0.015429508695998812,0.0017114422713402965,0.015283260398767658,0.01513914026156182
ID_8yu3auoc,0.04299193829709672,0.010668715688032331,0.002837862947161147,0.009301537862343532,0.005699530101004863,0.17168797550162657,0.15859312861980152,0.007588840938956608,0.0041479179005976105,0.04313979764240611,0.003960820224680018,0.04147956607180119,0.4979023682044918
ID_87hehlr7,0.05647292836525848,0.05661547888390746,0.0017864420081475977,0.016915827536098566,0.01872950185966725,0.31150188179666555,0.1668624677097132,0.0064840590081630175,0.0018579290268750906,0.14500992861504144,0.0010972623829619834,0.059547959068319375,0.157118333739181
ID_5qc4t6x8,0.01823491589577568,0.9280719947238582,0.0001415099699452711,0.002160674843874822,0.0026477182923444983,0.010683592853117175,0.010546309710995821,0.008846243252795708,0.0009246102293254097,0.00599789647084786,0.0001914266494948358,0.004250965242486492,0.007302141865138186
ID_vv1wov5z,0.05128318318120239,0.006430047955082414,0.0007767552552747276,0.005374912502777306,0.006592726591868275,0.5868310454514024,0.17648084402764602,0.006255334922264038,0.00235197365571727,0.06727479504087043,0.0009757259257832684,0.038172335466864445,0.05120032002324708
ID_wi4iacqy,0.1214648846003781,0.0123524304265404,0.00179617228767246,0.007190847646185042,0.10986351863752158,0.15264901947064058,0.034125455255136286,0.003945912365056569,0.0027496219055424785,0.31193461111863785,0.001926402953026145,0.04228924423147023,0.19771187910219218
ID_vp1s3z4t,0.23533089050815856,0.004920097701605194,0.0022188743479838132,0.008963272164274855,0.16963134412924055,0.020795996010115433,0.01031291769111511,0.044825786495662275,0.003963009206223006,0.01656295202543658,0.004414208614950201,0.4624259266797003,0.01563472442553436
ID_yfhdjd94,0.025124569799447983,0.7956468932409005,0.0006431099792193239,0.0056320106385412926,0.048088265677446757,0.012995042146610774,0.01774503406311065,0.021121067474392106,0.0008018525018299783,0.04586359596216699,0.0007304367431831513,0.018237896072691835,0.007370225700458845
ID_xtolt1ju,0.061922506941154004,0.007924595279699869,0.001138694633532559,0.0076050985641319315,0.014195109180116962,0.366348137040188,0.31872693168619365,0.01018454205780594,0.005259008388312206,0.04917615665752208,0.0017642410082792759,0.05235417007463208,0.10340080848843143
ID_zflauo1f,0.23773853095062542,0.007551857806297535,0.005287285070913297,0.04928294765836508,0.2167715222151795,0.032654659809759734,0.10788716551360016,0.021029404956330513,0.022116432050139405,0.10370901387924775,0.004225020125108281,0.17172543727636108,0.02002072268807231
ID_kni7d2qv,0.7546433609805158,0.014777054374907402,0.0007999741290528256,0.011204532091814308,0.0760320615323498,0.018459417102160494,0.06481694753713733,0.006444590876547309,0.0026776844028988094,0.012937681492078967,0.0019994205896695302,0.020536466903015693,0.014670807987851938
ID_hjs9mp09,0.06329710552788781,0.007003755672231715,0.014074881655743623,0.012550739929490275,0.00927262938374818,0.11986241956664415,0.06207049421303529,0.012168348037848895,0.006348270562273536,0.10354188052235046,0.0023150111986302594,0.049742556848531086,0.5377519068815847
ID_5uk0yvur,0.0717222668091877,0.06100910759062005,0.01702596371877456,0.06828354160741873,0.0893224325851673,0.15490244790700458,0.09324409413436029,0.13019072103770937,0.037360717610628036,0.021020889891643878,0.01653518368769312,0.13081192287436275,0.10857071054542959
ID_srxy6cbx,0.022697151512961495,0.5764918977630091,0.005781836457106155,0.02083663461002408,0.02577578773844293,0.07977248074229124,0.07610108066138933,0.029875393682592528,0.02480167825557738,0.017404050027112195,0.006429704696722666,0.04195812350400721,0.07207418034876353
ID_kjkhda63,0.053166784376466485,0.015289238908559193,0.0013922328170221892,0.014744400319569162,0.09425008324223463,0.01731022873377448,0.0147309933000606,0.023079134662806134,0.013026788037633928,0.018137540009980694,0.0030103037373621928,0.7088561402699958,0.02300613158453452
ID_l4lujw4l,0.2946431673749148,0.00438165541917158,0.003448312992807535,0.01656622549816372,0.16693309955718866,0.04124591100735533,0.011733272727562666,0.05415514071303805,0.00458797310544954,0.022922413405075476,0.00534861207983099,0.3555123318674839,0.01852188425195784
ID_ap2vfrxp,0.09664350810552443,0.03629569217017285,0.00545508296579555,0.02387510806845223,0.043902843855418844,0.2001672307339365,0.07665487712436539,0.028276982191265176,0.03511665085096284,0.05854845134596713,0.007412834573008599,0.20874580426941683,0.17890493374571367
ID_s94mv40f,0.2709212102989067,0.008076078651769085,0.004285288210910764,0.010155878731633676,0.1818604848419097,0.11006858432080441,0.03597055184411186,0.005157793107363756,0.008236214809593847,0.11420934358646166,0.0034309336269065993,0.05942332508321591,0.18820431288641215
ID_s2u36wmd,0.11405903197487478,0.028290948569386565,0.010196906181108717,0.040290200429507345,0.08563432644605348,0.2010931439637676,0.04288939709224437,0.024147109011839505,0.04692589347437184,0.04849726341457451,0.005694895719243211,0.24779566457684513,0.10448521914618288
ID_q5ycbssy,0.23831523219823753,0.00978492709765508,0.01309077186028629,0.013223386213091371,0.02771653030505134,0.4352756883369029,0.024403012355259397,0.04332654713273189,0.0043264863984916625,0.038125146569785266,0.00186428302777419,0.08690278035350266,0.06364520815123059
ID_ssu8xc7a,0.1100416150451224,0.014079627968139377,0.002834884646131394,0.008762123976022121,0.12018646530486037,0.17722635583563273,0.0328186357884873,0.019905350268736185,0.0026536053795659185,0.18235517921491554,0.0025151168757502687,0.15847481424182017,0.16814622545481606
ID_y3uex7u7,0.010594234645858413,0.004003207590002308,0.00013577715533355124,0.0017218358212140934,0.0038597941143117594,0.011757855656245413,0.9286665021185169,0.0005487448104406713,0.00030217358204112426,0.029524874626739972,0.00018465466261842245,0.0027580828567997807,0.005942262359877912
ID_43xyvyhs,0.04951073100118386,0.4286161114259045,0.0011856057264692046,0.003678909206380382,0.4385879646962362,0.009222933759967158,0.008695637703089202,0.014321799033117255,0.0013831964700109578,0.025143051249945265,0.001213391203120078,0.008534211457133218,0.009906457067442986
ID_8c4rqlwv,0.05362641019995674,0.004235009756223802,0.0009549180528103112,0.011182622444754597,0.023439932461313904,0.013587717905931353,0.777779691958171,0.00484613791166606,0.004067645752534252,0.07133023930229158,0.001506343641018349,0.02268501357137216,0.010758317041955819
ID_6lnwp36g,0.1554099048987966,0.017901490869115716,0.00759602247041982,0.14867864050569765,0.4099439253036325,0.028142645686968067,0.04979900682123903,0.018911642568007786,0.03035721907283813,0.024233429018033957,0.02182340855966608,0.05755571440926714,0.029646949816317495
ID_gfjpi98a,0.3223418942400004,0.005616079375856729,0.002410895073532684,0.006755928347558087,0.13365453853949852,0.024770381054740376,0.010422274382927957,0.02472845512813264,0.003241660918608909,0.03926711126520397,0.0032682244606581537,0.40712522558507946,0.016397331628201978
ID_gzsdiej7,0.3443821910746852,0.014427980396439968,0.0019806857707341105,0.01791501987970628,0.09371672016175522,0.09323304734003345,0.04022600055165086,0.020589395020506142,0.006659914225079084,0.0643524834346005,0.002752054688764429,0.2611660476064984,0.038598459849546365
ID_r22mht4u,0.23310034999094972,0.017928238349125488,0.003409589292933125,0.04898876543005883,0.16593070653840528,0.10440192448755256,0.06771274365012474,0.009248352884142906,0.026237794508848764,0.14723366982677705,0.0026572661702389706,0.07928935803117475,0.09386124083966779
ID_aip6vrf0,0.1052301646258568,0.029088049758047282,0.006935443944187372,0.030256964962504112,0.07021487633325321,0.1875609581895217,0.027564066211090914,0.03156894373980469,0.0416656938908854,0.027129970898310856,0.004749202946450479,0.24209744284893758,0.19593822165114955
ID_4r8in07g,0.046092007218632776,0.04406867190201539,0.002647703490188912,0.008418680461125469,0.025916540416695964,0.5134823997552357,0.07654009465569124,0.037025920620800006,0.008689319886350562,0.02089710350852722,0.004539907772332407,0.07770616796344043,0.1339754823489639
ID_y29p9yyp,0.2672624144859368,0.01912658624801795,0.0063461113701315085,0.02062103880894464,0.3152780046484371,0.09067334265333185,0.0602947549567931,0.018565351276722975,0.024571580568709606,0.0864804500318333,0.007468003727423959,0.04346260807595453,0.03984975314776276
ID_xpi4zfh5,0.48839804291268046,0.010421895185553504,0.0005912316414750961,0.011375613036938194,0.05840237865849445,0.04207469597091766,0.17440445644227914,0.009243258775928253,0.008321814050327062,0.1556878675047424,0.0014624468253596372,0.014807975992032813,0.024808323003271238
ID_hhqnmh9c,0.18384773304386176,0.027331058482936203,0.0009980490170214628,0.5979018509557262,0.014765680344448407,0.020155821627380312,0.07107179401915936,0.009064369694625974,0.001379505931665533,0.016509636468849873,0.001352237389682055,0.04411091025225892,0.01151135277238386
ID_0mm4hawe,0.10394074984631035,0.024091190165911255,0.005498819259152811,0.009559469638161304,0.02233871404373751,0.5202800758919457,0.07150561569642977,0.03643105156196118,0.0051328721562412345,0.05908555754492057,0.003339531093146387,0.05597606100270458,0.08282029209937733
ID_kkv16lkq,0.06565761045468425,0.014294454278557293,0.0019419381568535354,0.008774505523540883,0.016021265760164802,0.6586444824737544,0.05749885348333493,0.019453296950841914,0.004505108041700289,0.04145635315064544,0.0020498509344557972,0.04329010782584059,0.06641217296562585
ID_jf6kyt0p,0.18053961295153986,0.021849927301406922,0.0008602815263260838,0.6485560231896863,0.012206909787493081,0.015589620998374593,0.052088449492334925,0.0078007699959290275,0.001168489152702198,0.014647044793893617,0.0011599451512500432,0.033710208520059216,0.009822717139004108
ID_tjihqued,0.06408500097939156,0.014418363753242493,0.0018751664777130026,0.008081070116634446,0.015555430496538862,0.6477074403302053,0.05999331190029292,0.01871543638904926,0.004099606712347069,0.042770389704647555,0.001807940698673115,0.03972175692597782,0.08116908551528643
ID_u2tnghpe,0.05133549171044449,0.04372401202981785,0.0036626537380118175,0.008947140723730367,0.006561429043379696,0.3620447383783386,0.16055023628457582,0.00577365471089216,0.0049432267013269585,0.21043792162555128,0.002075553136775625,0.048235343840256156,0.09170859807689904
ID_0s394wg4,0.037547019953959294,0.7287730886077866,0.0008107059845222229,0.010019428813932864,0.009199565362204927,0.014674182311612945,0.07634746726243993,0.0019453387471833677,0.001455099527104907,0.05541766336637232,0.0009881333607084,0.010400911350121342,0.052421395352051016
ID_k0ir3f0y,0.034507884450621695,0.7493115901711819,0.0007893478418498257,0.00956999415715017,0.009076797400346344,0.013062348624073803,0.06998728688974164,0.001885894919176709,0.0014754914449394063,0.05191845387145863,0.00097812194583671,0.009835761465766629,0.047601026817856704
ID_rdu55lck,0.12716934756009404,0.015863379592860747,0.0017946467063517926,0.0048277890751744134,0.06826879552223297,0.07985317308463627,0.021529732332049398,0.00783154659068351,0.0018505999777663588,0.21412947249340786,0.002654669357455966,0.25385185336725863,0.20037499434002803
ID_tgmke5kx,0.3587938171953619,0.020661897989107992,0.00405794852505187,0.03653747457904888,0.22695881711884977,0.02546095205564961,0.020074681837704982,0.030252465517176145,0.008893076345243637,0.012882578641982447,0.008347248709899613,0.23240302252123846,0.014676018963684801
ID_w1oozka1,0.23156798026237863,0.0023320175857455623,0.005448128986337647,0.0034435604307600154,0.02682717922144125,0.40432667992409443,0.03045149483314212,0.003755058617478258,0.003174439253949786,0.10184861713377803,0.0006526067634993853,0.08644259832291026,0.09972963866448463
ID_jk2b7zot,0.014147671108937217,0.001846049758767664,0.0001963622198879856,0.004831624633196354,0.00637838264293451,0.0049452657850602485,0.03525722692296192,0.0011457045181084676,0.000678794255571328,0.9075745166372143,0.0004122748858436455,0.014002191120302585,0.008583935511213822
ID_287cta3i,0.17936814807143706,0.013686600080245748,0.002607542095542956,0.022956898157020553,0.36639782350751043,0.019069091903218302,0.013900528604339074,0.04751011951496237,0.008901437045090513,0.017145111305563357,0.0039415840974484015,0.2892401059251334,0.015275009692487893
ID_vqayx3g2,0.07882514201040332,0.010046163085222385,0.009011908523387194,0.008318288386579265,0.03677601449326824,0.20733969248316228,0.24873253894204445,0.009409363989859473,0.0054079287265898085,0.0865199325794418,0.003699663089707917,0.04458120542448421,0.2513321582658497
ID_1c6j4d07,0.06860601206386151,0.022572271258330064,0.0025249700553282885,0.0053874339323109295,0.013720178008336378,0.4568618756423858,0.12913214500320452,0.012351375952611637,0.0035021837441374633,0.06381108607369745,0.002493338645531477,0.10141796881844715,0.11761916080181747
ID_3yppy2ju,0.34478689129264456,0.004842523447309103,0.0025039690187229078,0.011560197331455723,0.10944526016619047,0.026068307296403585,0.008041174528397844,0.0254195278900921,0.004306493039543057,0.028781708047560313,0.0022669306170021376,0.40622122672215444,0.02575579060252385
ID_1yj8z7bp,0.20313395896492098,0.018034808474365692,0.010888219409822212,0.024153653871616686,0.12545026266468748,0.23438819275153291,0.1291253602731,0.03142965179390697,0.008815770129223306,0.05197132371157578,0.006164479500461114,0.07214736733347274,0.08429695112131438
ID_xjt60rgu,0.05494382327701261,0.831852642301913,0.0005542259061295647,0.0036278523700207736,0.05024787330849753,0.008151081401688635,0.0139541290687486,0.006246632201675638,0.0005687124835944328,0.01580019241575634,0.0005917008414216189,0.005379979255215294,0.008081155168325818
ID_k49qidsf,0.01829522507314387,0.9239902634312162,0.00016666356917029805,0.0021813728329627595,0.004662883984822081,0.011083304812783915,0.011306787814578773,0.008455688301335806,0.0009636522261551578,0.0060337682196255,0.00021378218422318036,0.0047313341696557775,0.007915273380326673
ID_e3sonqos,0.08923263687754106,0.030281107587171865,0.001593225198181621,0.014083617062073124,0.0071931708890594515,0.5259821013932697,0.056298170254580546,0.006357478564853516,0.0011107295617394511,0.06465730318511094,0.0012375428582360936,0.025832947774226275,0.17613996879395627
ID_35tlah5e,0.04396159606816321,0.0561272241060304,0.000482139891638645,0.005648817067680649,0.027960921361650348,0.04293587191536647,0.292822989146971,0.0014000353343576453,0.0014744314632263319,0.410454250978751,0.0005078701548730394,0.023681671218264026,0.09254218129302719
ID_fhr82u8x,0.006181626581727315,0.005260991852119054,0.00036209042372022137,0.0018949246549909548,0.0051649977879170755,0.008346257009201882,0.9494285978653476,0.0037427207862873006,0.0006809070004425558,0.0017494732239701335,0.0006981493570870365,0.012591398774046893,0.003897864683141982
ID_3kanjiwh,0.2611458422391018,0.018544434318988494,0.0021583153099761195,0.007135562506285203,0.0839101968690098,0.14514479946650052,0.08179832978525096,0.003213877863406307,0.0015896352784081852,0.11724187000649385,0.0013544101721873288,0.0275210487843849,0.24924167740000636
ID_846kyzn4,0.24336299916340923,0.009060871451899408,0.0018820451108283464,0.009437555378728098,0.15846444133873222,0.01932096131248312,0.008487207451795263,0.05204873849182957,0.004969812280446224,0.016383698155498776,0.004807947833103494,0.45718023383760176,0.014593488193644418
ID_eh6wj9ry,0.5667403072116654,0.005865800374306034,0.0014191311496262466,0.006884658719995131,0.04749698642077463,0.04053512205856497,0.014200260137810321,0.007450062509454239,0.0021769833574980715,0.11556658422247476,0.001454783017591602,0.14955012206018942,0.04065919876004927
ID_mk0c0q0v,0.24548521311652471,0.010287240476489636,0.0015842882021953586,0.004224558439977887,0.06569156696672093,0.06276135383766182,0.028971263919526327,0.006910825823066448,0.0013208668842842079,0.16303784019191175,0.0013580824095589805,0.2774582200406259,0.13090867969145606
ID_kmqdj8po,0.15514941455300815,0.020606747634567716,0.005882559580076148,0.006130671276476158,0.05584509995031545,0.448151164085977,0.03301292515772844,0.013966111039064179,0.0018727245614394003,0.06085757870585215,0.001996376826857944,0.03657133781262977,0.15995728881600738
